0.3124236874236875 148
0.43739316239316245 109
0.5623626373626375 93
0.6873321123321124 66
0.8123015873015874 83
0.9372710622710624 78
1.0622405372405375 70
1.1872100122100124 67
1.3121794871794874 56
1.4371489621489624 54
1.5621184371184373 58
1.6870879120879123 49
1.8120573870573873 44
1.9370268620268623 32
2.061996336996337 44
2.1869658119658126 42
2.311935286935287 37
2.4369047619047626 48
2.561874236874237 42
2.6868437118437125 35
2.811813186813187 37
2.9367826617826625 33
3.061752136752137 33
3.1867216117216124 30
3.311691086691087 21
3.4366605616605623 25
3.561630036630037 26
3.6865995115995123 22
3.811568986568987 20
3.936538461538462 17
4.061507936507937 25
4.186477411477412 16
4.311446886446888 21
4.436416361416362 12
4.561385836385837 22
4.686355311355312 15
4.811324786324787 20
