$SPEC_ID:
No sample description was entered.
$SPEC_REM:
DET# 1
DETDESC# ADVANCEDLAB-HP MCB 25
AP# Maestro Version 6.08
$DATE_MEA:
04/26/2017 16:41:04
$MEAS_TIM:
595201 595202
$DATA:
0 2047
       0
       0
       0
       0
       0
       0
       0
       0
       0
       0
       0
       0
       0
       0
       0
       1
       0
       0
       1
       0
       1
       5
       4
       6
       2
       2
       3
       1
       4
       0
       0
       2
       3
       1
       2
       5
       6
       7
      17
      32
      82
     223
     541
     928
    1962
    2593
    3511
    5271
    5843
    5588
    5130
    5426
    5056
    3448
    2615
    1759
    1469
    1288
     967
     919
     827
     703
     640
     596
     505
     513
     395
     384
     353
     320
     292
     271
     257
     184
     195
     164
     150
     126
     142
     104
     117
      88
      87
      87
      57
      54
      45
      50
      39
      40
      26
      34
      24
      17
      28
      18
      20
      10
      13
      13
      14
      13
      14
      13
      12
       6
       8
       5
      10
       5
       3
       8
       5
       2
       2
       6
       7
       3
       3
       4
       3
       2
       7
       4
       0
       5
       2
       1
       4
       1
       2
       0
       5
       2
       1
       2
       1
       1
       2
       2
       2
       1
       2
       3
       0
       1
       3
       1
       0
       2
       0
       2
       2
       0
       1
       2
       2
       0
       0
       1
       4
       2
       3
       2
       2
       3
       1
       3
       2
       3
       2
       0
       0
       2
       2
       3
       3
       2
       2
       4
       4
       1
       3
       4
       3
       0
       3
       1
       2
       5
       2
       2
       2
       1
       2
       1
       3
       3
       1
       3
       3
       1
       1
       4
       3
       2
       2
       0
       0
       1
       4
       0
       0
       2
       1
       3
       0
       2
       5
       2
       3
       0
       1
       3
       4
       1
       2
       2
       2
       0
       3
       0
       0
       4
       0
       2
       3
       3
       1
       3
       1
       0
       5
       2
       1
       2
       0
       3
       3
       3
       0
       0
       2
       1
       4
       3
       0
       2
       1
       1
       0
       3
       0
       1
       1
       0
       2
       2
       1
       2
       1
       2
       1
       3
       0
       0
       1
       2
       1
       2
       1
       1
       2
       3
       0
       3
       0
       1
       0
       2
       1
       1
       2
       1
       2
       1
       3
       3
       0
       1
       1
       1
       2
       0
       3
       1
       2
       1
       0
       0
       1
       1
       0
       1
       2
       2
       3
       2
       3
       3
       1
       0
       1
       2
       4
       2
       0
       1
       4
       1
       3
       1
       1
       0
       1
       2
       2
       0
       2
       4
       2
       0
       0
       1
       2
       3
       1
       2
       2
       0
       1
       1
       2
       2
       0
       2
       2
       3
       0
       1
       2
       1
       2
       2
       0
       0
       2
       2
       2
       0
       0
       1
       0
       0
       4
       1
       3
       3
       1
       2
       2
       0
       2
       1
       1
       3
       1
       2
       2
       2
       2
       5
       0
       0
       0
       0
       5
       3
       2
       1
       1
       1
       1
       1
       0
       0
       2
       1
       1
       2
       3
       2
       2
       4
       1
       1
       2
       1
       0
       1
       2
       2
       1
       0
       1
       1
       0
       2
       2
       2
       1
       2
       2
       1
       1
       0
       2
       0
       1
       1
       0
       0
       2
       3
       1
       0
       3
       1
       2
       2
       1
       2
       0
       6
       0
       2
       3
       0
       0
       0
       0
       1
       3
       1
       1
       2
       1
       1
       3
       2
       1
       1
       1
       1
       3
       3
       1
       1
       1
       1
       1
       0
       1
       0
       2
       2
       4
       2
       1
       2
       0
       1
       1
       0
       1
       0
       2
       2
       0
       2
       2
       2
       3
       2
       1
       2
       1
       0
       1
       2
       4
       1
       2
       0
       2
       1
       1
       0
       0
       1
       1
       2
       1
       0
       0
       0
       1
       0
       1
       1
       1
       1
       0
       3
       1
       0
       1
       2
       3
       3
       1
       1
       3
       1
       0
       3
       2
       1
       0
       0
       1
       1
       4
       0
       1
       0
       1
       1
       1
       0
       0
       0
       3
       0
       2
       1
       0
       2
       0
       1
       1
       0
       1
       1
       0
       2
       0
       2
       0
       1
       0
       1
       1
       1
       0
       2
       0
       2
       2
       0
       1
       0
       2
       4
       1
       1
       0
       1
       0
       0
       2
       2
       1
       1
       1
       1
       0
       1
       0
       0
       3
       3
       1
       2
       0
       0
       0
       1
       1
       0
       0
       1
       2
       1
       2
       3
       2
       2
       1
       0
       0
       1
       2
       1
       2
       0
       1
       0
       1
       0
       2
       2
       5
       0
       1
       0
       0
       0
       1
       2
       0
       3
       0
       0
       3
       0
       0
       1
       1
       1
       1
       2
       1
       0
       2
       2
       2
       2
       2
       0
       3
       0
       0
       1
       0
       2
       0
       0
       1
       3
       1
       2
       1
       1
       2
       0
       0
       0
       1
       0
       0
       2
       1
       0
       2
       0
       2
       0
       2
       1
       0
       0
       1
       1
       3
       0
       1
       3
       2
       2
       0
       1
       1
       1
       2
       2
       2
       1
       0
       0
       0
       1
       1
       0
       1
       3
       1
       2
       1
       1
       0
       0
       0
       1
       0
       0
       0
       1
       2
       2
       1
       0
       0
       1
       0
       1
       0
       1
       0
       2
       0
       1
       1
       1
       0
       1
       1
       1
       2
       0
       0
       1
       1
       1
       1
       0
       1
       0
       0
       0
       0
       1
       1
       0
       3
       1
       1
       3
       0
       1
       1
       0
       1
       2
       0
       3
       1
       1
       1
       0
       0
       0
       0
       0
       0
       2
       0
       2
       0
       1
       0
       3
       2
       0
       1
       1
       0
       0
       0
       0
       0
       0
       1
       1
       1
       0
       1
       0
       0
       1
       0
       0
       0
       2
       0
       2
       1
       0
       2
       0
       0
       0
       1
       2
       0
       0
       1
       2
       1
       0
       1
       0
       3
       0
       2
       1
       1
       1
       1
       2
       3
       0
       1
       2
       1
       0
       0
       1
       2
       1
       1
       1
       2
       0
       0
       2
       2
       0
       2
       1
       0
       0
       1
       1
       1
       1
       0
       3
       2
       0
       0
       0
       0
       0
       0
       0
       0
       1
       0
       0
       0
       0
       0
       3
       1
       0
       3
       2
       3
       0
       0
       0
       1
       1
       3
       1
       0
       0
       1
       1
       0
       1
       2
       0
       1
       0
       0
       0
       1
       1
       1
       0
       0
       0
       0
       1
       0
       0
       3
       2
       2
       0
       0
       1
       0
       0
       0
       1
       3
       1
       0
       0
       0
       0
       1
       1
       1
       0
       0
       0
       0
       0
       1
       2
       0
       0
       2
       0
       1
       0
       0
       1
       1
       0
       0
       1
       1
       0
       3
       1
       1
       0
       0
       0
       0
       2
       0
       2
       2
       0
       1
       0
       0
       0
       2
       1
       1
       0
       0
       2
       0
       2
       1
       0
       2
       1
       1
       0
       1
       0
       2
       1
       0
       2
       0
       0
       0
       1
       0
       1
       1
       2
       3
       0
       1
       0
       1
       1
       0
       0
       1
       1
       1
       1
       0
       1
       1
       1
       3
       2
       1
       1
       0
       3
       1
       1
       2
       2
       0
       3
       2
       0
       0
       0
       0
       1
       0
       0
       0
       2
       0
       2
       0
       0
       1
       1
       2
       0
       0
       1
       1
       1
       0
       0
       0
       1
       0
       1
       0
       0
       2
       0
       1
       2
       0
       1
       2
       1
       1
       3
       0
       1
       1
       1
       0
       1
       0
       0
       0
       1
       0
       2
       1
       0
       1
       3
       1
       1
       0
       1
       0
       1
       2
       2
       0
       0
       0
       3
       0
       0
       0
       1
       0
       1
       1
       0
       1
       1
       3
       3
       0
       0
       0
       2
       0
       1
       0
       0
       2
       1
       1
       0
       1
       0
       0
       0
       0
       0
       1
       1
       1
       0
       0
       3
       2
       0
       0
       0
       0
       0
       0
       1
       0
       1
       1
       0
       2
       1
       0
       1
       1
       3
       0
       1
       0
       4
       0
       1
       0
       1
       0
       3
       0
       1
       0
       1
       0
       1
       0
       0
       0
       0
       0
       2
       1
       1
       0
       2
       1
       0
       0
       0
       0
       0
       2
       1
       3
       0
       1
       0
       0
       0
       2
       0
       0
       0
       0
       0
       0
       2
       0
       1
       0
       0
       1
       1
       0
       0
       1
       1
       0
       1
       1
       0
       0
       1
       0
       0
       1
       1
       1
       1
       1
       1
       0
       2
       0
       3
       1
       0
       0
       2
       0
       0
       2
       1
       0
       1
       0
       1
       2
       0
       1
       1
       0
       0
       0
       0
       0
       0
       0
       0
       0
       1
       0
       1
       0
       0
       1
       0
       0
       1
       0
       1
       1
       1
       1
       0
       1
       1
       0
       1
       0
       0
       0
       1
       3
       0
       1
       0
       1
       0
       1
       1
       2
       0
       0
       1
       1
       1
       0
       2
       1
       0
       1
       2
       1
       1
       0
       1
       0
       0
       0
       1
       1
       1
       2
       0
       0
       1
       0
       0
       2
       1
       1
       1
       0
       0
       0
       0
       0
       1
       1
       0
       0
       0
       1
       0
       0
       1
       0
       1
       0
       3
       0
       0
       2
       1
       0
       2
       0
       1
       1
       0
       1
       0
       0
       0
       0
       0
       0
       1
       1
       0
       1
       0
       0
       0
       0
       0
       2
       1
       0
       2
       0
       1
       0
       0
       1
       0
       0
       0
       0
       0
       0
       0
       0
       2
       1
       0
       0
       0
       0
       0
       1
       0
       0
       1
       0
       0
       1
       0
       1
       1
       0
       0
       0
       0
       1
       2
       0
       0
       0
       0
       0
       1
       1
       1
       0
       0
       0
       2
       0
       0
       0
       1
       1
       1
       0
       1
       0
       0
       0
       0
       1
       1
       1
       0
       1
       0
       0
       2
       0
       3
       0
       0
       0
       0
       0
       0
       1
       0
       0
       1
       0
       1
       0
       2
       0
       0
       0
       0
       0
       0
       1
       0
       1
       0
       0
       3
       0
       1
       0
       0
       0
       0
       2
       1
       1
       1
       2
       1
       0
       0
       1
       0
       1
       0
       0
       0
       0
       0
       0
       0
       0
       1
       0
       1
       0
       1
       1
       0
       1
       1
       0
       0
       1
       3
       0
       0
       1
       0
       0
       1
       2
       0
       0
       0
       0
       1
       0
       0
       0
       0
       0
       1
       1
       0
       2
       0
       0
       1
       1
       1
       1
       0
       1
       0
       0
       0
       1
       1
       0
       0
       2
       1
       1
       0
       0
       0
       1
       0
       0
       0
       0
       0
       0
       1
       1
       0
       0
       1
       0
       0
       0
       1
       0
       0
       0
       0
       0
       0
       0
       2
       0
       0
       0
       1
       0
       0
       0
       0
       1
       0
       0
       0
       0
       0
       0
       0
       1
       0
       0
       0
       0
       0
       0
       1
       1
       0
       0
       0
       1
       1
       1
       0
       0
       0
       1
       1
       0
       1
       0
       1
       1
       1
       1
       1
       0
       1
       0
       2
       1
       0
       0
       0
       0
       0
       0
       0
       0
       0
       0
       0
       0
       0
       0
       0
       0
       0
       0
       0
       0
       0
       1
       2
       0
       1
       0
       0
       1
       0
       0
       1
       1
       2
       0
       0
       1
       1
       1
       0
       0
       1
       0
       0
       0
       1
       0
       0
       2
       0
       0
       0
       0
       0
       1
       0
       0
       0
       0
       1
       1
       0
       0
       0
       0
       0
       0
       1
       1
       0
       1
       0
       1
       0
       0
       0
       2
       2
       0
       0
       0
       0
       1
       1
       1
       0
       0
       0
       0
       0
       0
       1
       1
       2
       0
       0
       1
       0
       2
       0
       1
       0
       0
       0
       1
       2
       0
       0
       0
       0
       1
       0
       0
       0
       0
       1
       0
       0
       0
       0
       0
       0
       1
       0
       2
       0
       0
       0
       0
       0
       1
       0
       1
       0
       0
       0
       1
       1
       0
       0
       0
       1
       0
       0
       1
       0
       0
       0
       1
       2
       1
       0
       0
       0
       0
       0
       0
       0
       1
       0
       0
       0
       1
       0
       1
       0
       0
       0
       0
       1
       0
       1
       2
       1
       0
       0
       0
       1
       2
       0
       2
       0
       0
       0
       2
       0
       1
       0
       1
       0
       0
       2
       1
       0
       0
       1
       0
       0
       0
       0
       0
       0
       0
       0
       0
       2
       0
       0
       0
       0
       0
       0
       0
       0
       0
       0
       0
       0
       0
       0
       0
       0
       0
       0
       0
       1
       0
       1
       0
       0
       0
       0
       0
       0
       0
       0
       0
       1
       1
       0
       0
       0
       0
       0
       0
       0
       0
       0
       0
       1
       0
       0
       1
       0
       0
       1
       0
       1
       1
       0
       0
       1
       0
       1
       0
       0
       1
       0
       0
       0
       0
       0
       0
       0
       2
       0
       2
       1
       1
       0
       0
       0
       0
       0
       0
       0
       2
       1
       1
       0
       0
       0
       1
       0
       0
       0
       0
       0
       0
       2
       1
       0
       1
       1
       0
       1
       0
       0
       1
       1
       2
       0
       0
       0
       0
       0
       1
       0
       0
       0
       0
       1
       0
       0
       1
       1
       0
       0
       1
       0
       1
       1
       0
       0
       0
       0
       0
       0
       0
       1
       0
       0
       0
       1
       0
       0
       0
       0
       0
       0
       0
       0
       1
       1
       2
       0
       0
       0
       0
       0
       0
       0
       0
       0
       1
       0
       0
       0
       0
       1
       1
       0
       0
       0
       0
       0
       0
       0
       0
       1
       1
       1
       3
       1
       1
       0
       0
       0
       1
       1
       0
       0
       0
       0
       1
       2
       2
       0
       0
       1
       0
       0
       0
       0
       1
       0
       1
       1
       0
       0
       0
       0
       1
       0
       0
       0
       0
       0
       0
       0
       0
       0
       0
       0
       0
       0
$ROI:
1
496 526
$PRESETS:
None
0
0
$ENER_FIT:
0.000000 1.000000
$MCA_CAL:
3
0.000000E+000 1.000000E+000 0.000000E+000 keV
$SHAPE_CAL:
3
0.000000E+000 0.000000E+000 0.000000E+000
